-1.00, -1.00
-1.00, -0.99
-1.00, -0.98
-1.00, -0.97
-1.00, -0.96
-1.00, -0.95
-1.00, -0.94
-1.00, -0.93
-1.00, -0.92
-1.00, -0.91
-1.00, -0.90
-1.00, -0.89
-1.00, -0.88
-1.00, -0.87
-1.00, -0.86
-1.00, -0.85
-1.00, -0.84
-1.00, -0.83
-1.00, -0.82
-1.00, -0.81
-1.00, -0.80
-1.00, -0.79
-1.00, -0.78
-1.00, -0.77
-1.00, -0.76
-1.00, -0.75
-1.00, -0.74
-1.00, -0.73
-1.00, -0.72
-1.00, -0.71
-1.00, -0.70
-1.00, -0.69
-1.00, -0.68
-1.00, -0.67
-1.00, -0.66
-1.00, -0.65
-1.00, -0.64
-1.00, -0.63
-1.00, -0.62
-1.00, -0.61
-1.00, -0.60
-1.00, -0.59
-1.00, -0.58
-1.00, -0.57
-1.00, -0.56
-1.00, -0.55
-1.00, -0.54
-1.00, -0.53
-1.00, -0.52
-1.00, -0.51
-1.00, -0.50
-1.00, -0.49
-1.00, -0.48
-1.00, -0.47
-1.00, -0.46
-1.00, -0.45
-1.00, -0.44
-1.00, -0.43
-1.00, -0.42
-1.00, -0.41
-1.00, -0.40
-1.00, -0.39
-1.00, -0.38
-1.00, -0.37
-1.00, -0.36
-1.00, -0.35
-1.00, -0.34
-1.00, -0.33
-1.00, -0.32
-1.00, -0.31
-1.00, -0.30
-1.00, -0.29
-1.00, -0.28
-1.00, -0.27
-1.00, -0.26
-1.00, -0.25
-1.00, -0.24
-1.00, -0.23
-1.00, -0.22
-1.00, -0.21
-1.00, -0.20
-1.00, -0.19
-1.00, -0.18
-1.00, -0.17
-1.00, -0.16
-1.00, -0.15
-1.00, -0.14
-1.00, -0.13
-1.00, -0.12
-1.00, -0.11
-1.00, -0.10
-1.00, -0.09
-1.00, -0.08
-1.00, -0.07
-1.00, -0.06
-1.00, -0.05
-1.00, -0.04
-1.00, -0.03
-1.00, -0.02
-1.00, -0.01
-1.00, 0.00
-1.00, 0.01
-1.00, 0.02
-1.00, 0.03
-1.00, 0.04
-1.00, 0.05
-1.00, 0.06
-1.00, 0.07
-1.00, 0.08
-1.00, 0.09
-1.00, 0.10
-1.00, 0.11
-1.00, 0.12
-1.00, 0.13
-1.00, 0.14
-1.00, 0.15
-1.00, 0.16
-1.00, 0.17
-1.00, 0.18
-1.00, 0.19
-1.00, 0.20
-1.00, 0.21
-1.00, 0.22
-1.00, 0.23
-1.00, 0.24
-1.00, 0.25
-1.00, 0.26
-1.00, 0.27
-1.00, 0.28
-1.00, 0.29
-1.00, 0.30
-1.00, 0.31
-1.00, 0.32
-1.00, 0.33
-1.00, 0.34
-1.00, 0.35
-1.00, 0.36
-1.00, 0.37
-1.00, 0.38
-1.00, 0.39
-1.00, 0.40
-1.00, 0.41
-1.00, 0.42
-1.00, 0.43
-1.00, 0.44
-1.00, 0.45
-1.00, 0.46
-1.00, 0.47
-1.00, 0.48
-1.00, 0.49
-1.00, 0.50
-1.00, 0.51
-1.00, 0.52
-1.00, 0.53
-1.00, 0.54
-1.00, 0.55
-1.00, 0.56
-1.00, 0.57
-1.00, 0.58
-1.00, 0.59
-1.00, 0.60
-1.00, 0.61
-1.00, 0.62
-1.00, 0.63
-1.00, 0.64
-1.00, 0.65
-1.00, 0.66
-1.00, 0.67
-1.00, 0.68
-1.00, 0.69
-1.00, 0.70
-1.00, 0.71
-1.00, 0.72
-1.00, 0.73
-1.00, 0.74
-1.00, 0.75
-1.00, 0.76
-1.00, 0.77
-1.00, 0.78
-1.00, 0.79
-1.00, 0.80
-1.00, 0.81
-1.00, 0.82
-1.00, 0.83
-1.00, 0.84
-1.00, 0.85
-1.00, 0.86
-1.00, 0.87
-1.00, 0.88
-1.00, 0.89
-1.00, 0.90
-1.00, 0.91
-1.00, 0.92
-1.00, 0.93
-1.00, 0.94
-1.00, 0.95
-1.00, 0.96
-1.00, 0.97
-1.00, 0.98
-1.00, 0.99
-1.00, 1.00
-0.60, -1.00
-0.60, -0.99
-0.60, -0.98
-0.60, -0.97
-0.60, -0.96
-0.60, -0.95
-0.60, -0.94
-0.60, -0.93
-0.60, -0.92
-0.60, -0.91
-0.60, -0.90
-0.60, -0.89
-0.60, -0.88
-0.60, -0.87
-0.60, -0.86
-0.60, -0.85
-0.60, -0.84
-0.60, -0.83
-0.60, -0.82
-0.60, -0.81
-0.60, -0.80
-0.60, -0.79
-0.60, -0.78
-0.60, -0.77
-0.60, -0.76
-0.60, -0.75
-0.60, -0.74
-0.60, -0.73
-0.60, -0.72
-0.60, -0.71
-0.60, -0.70
-0.60, -0.69
-0.60, -0.68
-0.60, -0.67
-0.60, -0.66
-0.60, -0.65
-0.60, -0.64
-0.60, -0.63
-0.60, -0.62
-0.60, -0.61
-0.60, -0.60
-0.60, -0.59
-0.60, -0.58
-0.60, -0.57
-0.60, -0.56
-0.60, -0.55
-0.60, -0.54
-0.60, -0.53
-0.60, -0.52
-0.60, -0.51
-0.60, -0.50
-0.60, -0.49
-0.60, -0.48
-0.60, -0.47
-0.60, -0.46
-0.60, -0.45
-0.60, -0.44
-0.60, -0.43
-0.60, -0.42
-0.60, -0.41
-0.60, -0.40
-0.60, -0.39
-0.60, -0.38
-0.60, -0.37
-0.60, -0.36
-0.60, -0.35
-0.60, -0.34
-0.60, -0.33
-0.60, -0.32
-0.60, -0.31
-0.60, -0.30
-0.60, -0.29
-0.60, -0.28
-0.60, -0.27
-0.60, -0.26
-0.60, -0.25
-0.60, -0.24
-0.60, -0.23
-0.60, -0.22
-0.60, -0.21
-0.60, -0.20
-0.60, -0.19
-0.60, -0.18
-0.60, -0.17
-0.60, -0.16
-0.60, -0.15
-0.60, -0.14
-0.60, -0.13
-0.60, -0.12
-0.60, -0.11
-0.60, -0.10
-0.60, -0.09
-0.60, -0.08
-0.60, -0.07
-0.60, -0.06
-0.60, -0.05
-0.60, -0.04
-0.60, -0.03
-0.60, -0.02
-0.60, -0.01
-0.60, 0.00
-0.60, 0.01
-0.60, 0.02
-0.60, 0.03
-0.60, 0.04
-0.60, 0.05
-0.60, 0.06
-0.60, 0.07
-0.60, 0.08
-0.60, 0.09
-0.60, 0.10
-0.60, 0.11
-0.60, 0.12
-0.60, 0.13
-0.60, 0.14
-0.60, 0.15
-0.60, 0.16
-0.60, 0.17
-0.60, 0.18
-0.60, 0.19
-0.60, 0.20
-0.60, 0.21
-0.60, 0.22
-0.60, 0.23
-0.60, 0.24
-0.60, 0.25
-0.60, 0.26
-0.60, 0.27
-0.60, 0.28
-0.60, 0.29
-0.60, 0.30
-0.60, 0.31
-0.60, 0.32
-0.60, 0.33
-0.60, 0.34
-0.60, 0.35
-0.60, 0.36
-0.60, 0.37
-0.60, 0.38
-0.60, 0.39
-0.60, 0.40
-0.60, 0.41
-0.60, 0.42
-0.60, 0.43
-0.60, 0.44
-0.60, 0.45
-0.60, 0.46
-0.60, 0.47
-0.60, 0.48
-0.60, 0.49
-0.60, 0.50
-0.60, 0.51
-0.60, 0.52
-0.60, 0.53
-0.60, 0.54
-0.60, 0.55
-0.60, 0.56
-0.60, 0.57
-0.60, 0.58
-0.60, 0.59
-0.60, 0.60
-0.60, 0.61
-0.60, 0.62
-0.60, 0.63
-0.60, 0.64
-0.60, 0.65
-0.60, 0.66
-0.60, 0.67
-0.60, 0.68
-0.60, 0.69
-0.60, 0.70
-0.60, 0.71
-0.60, 0.72
-0.60, 0.73
-0.60, 0.74
-0.60, 0.75
-0.60, 0.76
-0.60, 0.77
-0.60, 0.78
-0.60, 0.79
-0.60, 0.80
-0.60, 0.81
-0.60, 0.82
-0.60, 0.83
-0.60, 0.84
-0.60, 0.85
-0.60, 0.86
-0.60, 0.87
-0.60, 0.88
-0.60, 0.89
-0.60, 0.90
-0.60, 0.91
-0.60, 0.92
-0.60, 0.93
-0.60, 0.94
-0.60, 0.95
-0.60, 0.96
-0.60, 0.97
-0.60, 0.98
-0.60, 0.99
-0.60, 1.00
-0.20, -1.00
-0.20, -0.99
-0.20, -0.98
-0.20, -0.97
-0.20, -0.96
-0.20, -0.95
-0.20, -0.94
-0.20, -0.93
-0.20, -0.92
-0.20, -0.91
-0.20, -0.90
-0.20, -0.89
-0.20, -0.88
-0.20, -0.87
-0.20, -0.86
-0.20, -0.85
-0.20, -0.84
-0.20, -0.83
-0.20, -0.82
-0.20, -0.81
-0.20, -0.80
-0.20, -0.79
-0.20, -0.78
-0.20, -0.77
-0.20, -0.76
-0.20, -0.75
-0.20, -0.74
-0.20, -0.73
-0.20, -0.72
-0.20, -0.71
-0.20, -0.70
-0.20, -0.69
-0.20, -0.68
-0.20, -0.67
-0.20, -0.66
-0.20, -0.65
-0.20, -0.64
-0.20, -0.63
-0.20, -0.62
-0.20, -0.61
-0.20, -0.60
-0.20, -0.59
-0.20, -0.58
-0.20, -0.57
-0.20, -0.56
-0.20, -0.55
-0.20, -0.54
-0.20, -0.53
-0.20, -0.52
-0.20, -0.51
-0.20, -0.50
-0.20, -0.49
-0.20, -0.48
-0.20, -0.47
-0.20, -0.46
-0.20, -0.45
-0.20, -0.44
-0.20, -0.43
-0.20, -0.42
-0.20, -0.41
-0.20, -0.40
-0.20, -0.39
-0.20, -0.38
-0.20, -0.37
-0.20, -0.36
-0.20, -0.35
-0.20, -0.34
-0.20, -0.33
-0.20, -0.32
-0.20, -0.31
-0.20, -0.30
-0.20, -0.29
-0.20, -0.28
-0.20, -0.27
-0.20, -0.26
-0.20, -0.25
-0.20, -0.24
-0.20, -0.23
-0.20, -0.22
-0.20, -0.21
-0.20, -0.20
-0.20, -0.19
-0.20, -0.18
-0.20, -0.17
-0.20, -0.16
-0.20, -0.15
-0.20, -0.14
-0.20, -0.13
-0.20, -0.12
-0.20, -0.11
-0.20, -0.10
-0.20, -0.09
-0.20, -0.08
-0.20, -0.07
-0.20, -0.06
-0.20, -0.05
-0.20, -0.04
-0.20, -0.03
-0.20, -0.02
-0.20, -0.01
-0.20, 0.00
-0.20, 0.01
-0.20, 0.02
-0.20, 0.03
-0.20, 0.04
-0.20, 0.05
-0.20, 0.06
-0.20, 0.07
-0.20, 0.08
-0.20, 0.09
-0.20, 0.10
-0.20, 0.11
-0.20, 0.12
-0.20, 0.13
-0.20, 0.14
-0.20, 0.15
-0.20, 0.16
-0.20, 0.17
-0.20, 0.18
-0.20, 0.19
-0.20, 0.20
-0.20, 0.21
-0.20, 0.22
-0.20, 0.23
-0.20, 0.24
-0.20, 0.25
-0.20, 0.26
-0.20, 0.27
-0.20, 0.28
-0.20, 0.29
-0.20, 0.30
-0.20, 0.31
-0.20, 0.32
-0.20, 0.33
-0.20, 0.34
-0.20, 0.35
-0.20, 0.36
-0.20, 0.37
-0.20, 0.38
-0.20, 0.39
-0.20, 0.40
-0.20, 0.41
-0.20, 0.42
-0.20, 0.43
-0.20, 0.44
-0.20, 0.45
-0.20, 0.46
-0.20, 0.47
-0.20, 0.48
-0.20, 0.49
-0.20, 0.50
-0.20, 0.51
-0.20, 0.52
-0.20, 0.53
-0.20, 0.54
-0.20, 0.55
-0.20, 0.56
-0.20, 0.57
-0.20, 0.58
-0.20, 0.59
-0.20, 0.60
-0.20, 0.61
-0.20, 0.62
-0.20, 0.63
-0.20, 0.64
-0.20, 0.65
-0.20, 0.66
-0.20, 0.67
-0.20, 0.68
-0.20, 0.69
-0.20, 0.70
-0.20, 0.71
-0.20, 0.72
-0.20, 0.73
-0.20, 0.74
-0.20, 0.75
-0.20, 0.76
-0.20, 0.77
-0.20, 0.78
-0.20, 0.79
-0.20, 0.80
-0.20, 0.81
-0.20, 0.82
-0.20, 0.83
-0.20, 0.84
-0.20, 0.85
-0.20, 0.86
-0.20, 0.87
-0.20, 0.88
-0.20, 0.89
-0.20, 0.90
-0.20, 0.91
-0.20, 0.92
-0.20, 0.93
-0.20, 0.94
-0.20, 0.95
-0.20, 0.96
-0.20, 0.97
-0.20, 0.98
-0.20, 0.99
-0.20, 1.00
0.20, -1.00
0.20, -0.99
0.20, -0.98
0.20, -0.97
0.20, -0.96
0.20, -0.95
0.20, -0.94
0.20, -0.93
0.20, -0.92
0.20, -0.91
0.20, -0.90
0.20, -0.89
0.20, -0.88
0.20, -0.87
0.20, -0.86
0.20, -0.85
0.20, -0.84
0.20, -0.83
0.20, -0.82
0.20, -0.81
0.20, -0.80
0.20, -0.79
0.20, -0.78
0.20, -0.77
0.20, -0.76
0.20, -0.75
0.20, -0.74
0.20, -0.73
0.20, -0.72
0.20, -0.71
0.20, -0.70
0.20, -0.69
0.20, -0.68
0.20, -0.67
0.20, -0.66
0.20, -0.65
0.20, -0.64
0.20, -0.63
0.20, -0.62
0.20, -0.61
0.20, -0.60
0.20, -0.59
0.20, -0.58
0.20, -0.57
0.20, -0.56
0.20, -0.55
0.20, -0.54
0.20, -0.53
0.20, -0.52
0.20, -0.51
0.20, -0.50
0.20, -0.49
0.20, -0.48
0.20, -0.47
0.20, -0.46
0.20, -0.45
0.20, -0.44
0.20, -0.43
0.20, -0.42
0.20, -0.41
0.20, -0.40
0.20, -0.39
0.20, -0.38
0.20, -0.37
0.20, -0.36
0.20, -0.35
0.20, -0.34
0.20, -0.33
0.20, -0.32
0.20, -0.31
0.20, -0.30
0.20, -0.29
0.20, -0.28
0.20, -0.27
0.20, -0.26
0.20, -0.25
0.20, -0.24
0.20, -0.23
0.20, -0.22
0.20, -0.21
0.20, -0.20
0.20, -0.19
0.20, -0.18
0.20, -0.17
0.20, -0.16
0.20, -0.15
0.20, -0.14
0.20, -0.13
0.20, -0.12
0.20, -0.11
0.20, -0.10
0.20, -0.09
0.20, -0.08
0.20, -0.07
0.20, -0.06
0.20, -0.05
0.20, -0.04
0.20, -0.03
0.20, -0.02
0.20, -0.01
0.20, 0.00
0.20, 0.01
0.20, 0.02
0.20, 0.03
0.20, 0.04
0.20, 0.05
0.20, 0.06
0.20, 0.07
0.20, 0.08
0.20, 0.09
0.20, 0.10
0.20, 0.11
0.20, 0.12
0.20, 0.13
0.20, 0.14
0.20, 0.15
0.20, 0.16
0.20, 0.17
0.20, 0.18
0.20, 0.19
0.20, 0.20
0.20, 0.21
0.20, 0.22
0.20, 0.23
0.20, 0.24
0.20, 0.25
0.20, 0.26
0.20, 0.27
0.20, 0.28
0.20, 0.29
0.20, 0.30
0.20, 0.31
0.20, 0.32
0.20, 0.33
0.20, 0.34
0.20, 0.35
0.20, 0.36
0.20, 0.37
0.20, 0.38
0.20, 0.39
0.20, 0.40
0.20, 0.41
0.20, 0.42
0.20, 0.43
0.20, 0.44
0.20, 0.45
0.20, 0.46
0.20, 0.47
0.20, 0.48
0.20, 0.49
0.20, 0.50
0.20, 0.51
0.20, 0.52
0.20, 0.53
0.20, 0.54
0.20, 0.55
0.20, 0.56
0.20, 0.57
0.20, 0.58
0.20, 0.59
0.20, 0.60
0.20, 0.61
0.20, 0.62
0.20, 0.63
0.20, 0.64
0.20, 0.65
0.20, 0.66
0.20, 0.67
0.20, 0.68
0.20, 0.69
0.20, 0.70
0.20, 0.71
0.20, 0.72
0.20, 0.73
0.20, 0.74
0.20, 0.75
0.20, 0.76
0.20, 0.77
0.20, 0.78
0.20, 0.79
0.20, 0.80
0.20, 0.81
0.20, 0.82
0.20, 0.83
0.20, 0.84
0.20, 0.85
0.20, 0.86
0.20, 0.87
0.20, 0.88
0.20, 0.89
0.20, 0.90
0.20, 0.91
0.20, 0.92
0.20, 0.93
0.20, 0.94
0.20, 0.95
0.20, 0.96
0.20, 0.97
0.20, 0.98
0.20, 0.99
0.20, 1.00
0.60, -1.00
0.60, -0.99
0.60, -0.98
0.60, -0.97
0.60, -0.96
0.60, -0.95
0.60, -0.94
0.60, -0.93
0.60, -0.92
0.60, -0.91
0.60, -0.90
0.60, -0.89
0.60, -0.88
0.60, -0.87
0.60, -0.86
0.60, -0.85
0.60, -0.84
0.60, -0.83
0.60, -0.82
0.60, -0.81
0.60, -0.80
0.60, -0.79
0.60, -0.78
0.60, -0.77
0.60, -0.76
0.60, -0.75
0.60, -0.74
0.60, -0.73
0.60, -0.72
0.60, -0.71
0.60, -0.70
0.60, -0.69
0.60, -0.68
0.60, -0.67
0.60, -0.66
0.60, -0.65
0.60, -0.64
0.60, -0.63
0.60, -0.62
0.60, -0.61
0.60, -0.60
0.60, -0.59
0.60, -0.58
0.60, -0.57
0.60, -0.56
0.60, -0.55
0.60, -0.54
0.60, -0.53
0.60, -0.52
0.60, -0.51
0.60, -0.50
0.60, -0.49
0.60, -0.48
0.60, -0.47
0.60, -0.46
0.60, -0.45
0.60, -0.44
0.60, -0.43
0.60, -0.42
0.60, -0.41
0.60, -0.40
0.60, -0.39
0.60, -0.38
0.60, -0.37
0.60, -0.36
0.60, -0.35
0.60, -0.34
0.60, -0.33
0.60, -0.32
0.60, -0.31
0.60, -0.30
0.60, -0.29
0.60, -0.28
0.60, -0.27
0.60, -0.26
0.60, -0.25
0.60, -0.24
0.60, -0.23
0.60, -0.22
0.60, -0.21
0.60, -0.20
0.60, -0.19
0.60, -0.18
0.60, -0.17
0.60, -0.16
0.60, -0.15
0.60, -0.14
0.60, -0.13
0.60, -0.12
0.60, -0.11
0.60, -0.10
0.60, -0.09
0.60, -0.08
0.60, -0.07
0.60, -0.06
0.60, -0.05
0.60, -0.04
0.60, -0.03
0.60, -0.02
0.60, -0.01
0.60, 0.00
0.60, 0.01
0.60, 0.02
0.60, 0.03
0.60, 0.04
0.60, 0.05
0.60, 0.06
0.60, 0.07
0.60, 0.08
0.60, 0.09
0.60, 0.10
0.60, 0.11
0.60, 0.12
0.60, 0.13
0.60, 0.14
0.60, 0.15
0.60, 0.16
0.60, 0.17
0.60, 0.18
0.60, 0.19
0.60, 0.20
0.60, 0.21
0.60, 0.22
0.60, 0.23
0.60, 0.24
0.60, 0.25
0.60, 0.26
0.60, 0.27
0.60, 0.28
0.60, 0.29
0.60, 0.30
0.60, 0.31
0.60, 0.32
0.60, 0.33
0.60, 0.34
0.60, 0.35
0.60, 0.36
0.60, 0.37
0.60, 0.38
0.60, 0.39
0.60, 0.40
0.60, 0.41
0.60, 0.42
0.60, 0.43
0.60, 0.44
0.60, 0.45
0.60, 0.46
0.60, 0.47
0.60, 0.48
0.60, 0.49
0.60, 0.50
0.60, 0.51
0.60, 0.52
0.60, 0.53
0.60, 0.54
0.60, 0.55
0.60, 0.56
0.60, 0.57
0.60, 0.58
0.60, 0.59
0.60, 0.60
0.60, 0.61
0.60, 0.62
0.60, 0.63
0.60, 0.64
0.60, 0.65
0.60, 0.66
0.60, 0.67
0.60, 0.68
0.60, 0.69
0.60, 0.70
0.60, 0.71
0.60, 0.72
0.60, 0.73
0.60, 0.74
0.60, 0.75
0.60, 0.76
0.60, 0.77
0.60, 0.78
0.60, 0.79
0.60, 0.80
0.60, 0.81
0.60, 0.82
0.60, 0.83
0.60, 0.84
0.60, 0.85
0.60, 0.86
0.60, 0.87
0.60, 0.88
0.60, 0.89
0.60, 0.90
0.60, 0.91
0.60, 0.92
0.60, 0.93
0.60, 0.94
0.60, 0.95
0.60, 0.96
0.60, 0.97
0.60, 0.98
0.60, 0.99
0.60, 1.00
1.00, -1.00
1.00, -0.99
1.00, -0.98
1.00, -0.97
1.00, -0.96
1.00, -0.95
1.00, -0.94
1.00, -0.93
1.00, -0.92
1.00, -0.91
1.00, -0.90
1.00, -0.89
1.00, -0.88
1.00, -0.87
1.00, -0.86
1.00, -0.85
1.00, -0.84
1.00, -0.83
1.00, -0.82
1.00, -0.81
1.00, -0.80
1.00, -0.79
1.00, -0.78
1.00, -0.77
1.00, -0.76
1.00, -0.75
1.00, -0.74
1.00, -0.73
1.00, -0.72
1.00, -0.71
1.00, -0.70
1.00, -0.69
1.00, -0.68
1.00, -0.67
1.00, -0.66
1.00, -0.65
1.00, -0.64
1.00, -0.63
1.00, -0.62
1.00, -0.61
1.00, -0.60
1.00, -0.59
1.00, -0.58
1.00, -0.57
1.00, -0.56
1.00, -0.55
1.00, -0.54
1.00, -0.53
1.00, -0.52
1.00, -0.51
1.00, -0.50
1.00, -0.49
1.00, -0.48
1.00, -0.47
1.00, -0.46
1.00, -0.45
1.00, -0.44
1.00, -0.43
1.00, -0.42
1.00, -0.41
1.00, -0.40
1.00, -0.39
1.00, -0.38
1.00, -0.37
1.00, -0.36
1.00, -0.35
1.00, -0.34
1.00, -0.33
1.00, -0.32
1.00, -0.31
1.00, -0.30
1.00, -0.29
1.00, -0.28
1.00, -0.27
1.00, -0.26
1.00, -0.25
1.00, -0.24
1.00, -0.23
1.00, -0.22
1.00, -0.21
1.00, -0.20
1.00, -0.19
1.00, -0.18
1.00, -0.17
1.00, -0.16
1.00, -0.15
1.00, -0.14
1.00, -0.13
1.00, -0.12
1.00, -0.11
1.00, -0.10
1.00, -0.09
1.00, -0.08
1.00, -0.07
1.00, -0.06
1.00, -0.05
1.00, -0.04
1.00, -0.03
1.00, -0.02
1.00, -0.01
1.00, 0.00
1.00, 0.01
1.00, 0.02
1.00, 0.03
1.00, 0.04
1.00, 0.05
1.00, 0.06
1.00, 0.07
1.00, 0.08
1.00, 0.09
1.00, 0.10
1.00, 0.11
1.00, 0.12
1.00, 0.13
1.00, 0.14
1.00, 0.15
1.00, 0.16
1.00, 0.17
1.00, 0.18
1.00, 0.19
1.00, 0.20
1.00, 0.21
1.00, 0.22
1.00, 0.23
1.00, 0.24
1.00, 0.25
1.00, 0.26
1.00, 0.27
1.00, 0.28
1.00, 0.29
1.00, 0.30
1.00, 0.31
1.00, 0.32
1.00, 0.33
1.00, 0.34
1.00, 0.35
1.00, 0.36
1.00, 0.37
1.00, 0.38
1.00, 0.39
1.00, 0.40
1.00, 0.41
1.00, 0.42
1.00, 0.43
1.00, 0.44
1.00, 0.45
1.00, 0.46
1.00, 0.47
1.00, 0.48
1.00, 0.49
1.00, 0.50
1.00, 0.51
1.00, 0.52
1.00, 0.53
1.00, 0.54
1.00, 0.55
1.00, 0.56
1.00, 0.57
1.00, 0.58
1.00, 0.59
1.00, 0.60
1.00, 0.61
1.00, 0.62
1.00, 0.63
1.00, 0.64
1.00, 0.65
1.00, 0.66
1.00, 0.67
1.00, 0.68
1.00, 0.69
1.00, 0.70
1.00, 0.71
1.00, 0.72
1.00, 0.73
1.00, 0.74
1.00, 0.75
1.00, 0.76
1.00, 0.77
1.00, 0.78
1.00, 0.79
1.00, 0.80
1.00, 0.81
1.00, 0.82
1.00, 0.83
1.00, 0.84
1.00, 0.85
1.00, 0.86
1.00, 0.87
1.00, 0.88
1.00, 0.89
1.00, 0.90
1.00, 0.91
1.00, 0.92
1.00, 0.93
1.00, 0.94
1.00, 0.95
1.00, 0.96
1.00, 0.97
1.00, 0.98
1.00, 0.99
1.00, 1.00
